(1, 15, 48)
948
----------------------------------------


(1, 16, 49)
871
----------------------------------------


(1, 17, 51)
398
----------------------------------------


(1, 18, 52)
515
----------------------------------------


(1, 19, 53)
856
----------------------------------------


(1, 20, 46)
386
----------------------------------------


(1, 21, 47)
648
----------------------------------------


(1, 22, 48)
523
----------------------------------------


(1, 23, 49)
721
----------------------------------------


(1, 24, 51)
495
----------------------------------------


(1, 25, 52)
476
----------------------------------------


(1, 26, 53)
932
----------------------------------------


(1, 27, 46)
351
----------------------------------------


(1, 28, 47)
730
----------------------------------------


(1, 29, 48)
597
----------------------------------------


(1, 30, 49)
535
----------------------------------------


(1, 31, 51)
448
----------------------------------------


(1, 32, 52)
406
----------------------------------------


(1, 33, 53)
725
----------------------------------------


(1, 34, 46)
211
----------------------------------------


(1, 35, 47)
465
----------------------------------------


(1, 36, 48)
814
----------------------------------------


(1, 37, 49)
794
----------------------------------------


(1, 38, 51)
448
----------------------------------------


(1, 39, 52)
278
----------------------------------------


(1, 40, 53)
431
----------------------------------------


(1, 41, 46)
308
----------------------------------------


(1, 42, 47)
496
----------------------------------------


(1, 43, 48)
2226
----------------------------------------


(1, 44, 49)
615
----------------------------------------


(1, 45, 51)
559
----------------------------------------


(2, 15, 52)
368
----------------------------------------


(2, 16, 53)
1129
----------------------------------------


(2, 17, 46)
146
----------------------------------------


(2, 18, 47)
319
----------------------------------------


(2, 19, 48)
682
----------------------------------------


(2, 20, 49)
426
----------------------------------------


(2, 21, 51)
255
----------------------------------------


(2, 22, 52)
324
----------------------------------------


(2, 23, 53)
644
----------------------------------------


(2, 24, 46)
204
----------------------------------------


(2, 25, 47)
387
----------------------------------------


(2, 26, 48)
502
----------------------------------------


(2, 27, 49)
378
----------------------------------------


(2, 28, 51)
249
----------------------------------------


(2, 29, 52)
221
----------------------------------------


(2, 30, 53)
552
----------------------------------------


(2, 31, 46)
186
----------------------------------------


(2, 32, 47)
434
----------------------------------------


(2, 33, 48)
588
----------------------------------------


(2, 34, 49)
460
----------------------------------------


(2, 35, 51)
198
----------------------------------------


(2, 36, 52)
336
----------------------------------------


(2, 37, 53)
750
----------------------------------------


(2, 38, 46)
102
----------------------------------------


(2, 39, 47)
284
----------------------------------------


(2, 40, 48)
197
----------------------------------------


(2, 41, 49)
120
----------------------------------------


(2, 42, 51)
118
----------------------------------------


(3, 15, 52)
56
----------------------------------------


(3, 16, 53)
306
----------------------------------------


(3, 17, 46)
181
----------------------------------------


(3, 18, 47)
261
----------------------------------------


(3, 19, 48)
228
----------------------------------------


(3, 20, 49)
226
----------------------------------------


(3, 21, 51)
173
----------------------------------------


(3, 22, 52)
134
----------------------------------------


(3, 23, 53)
406
----------------------------------------


(3, 24, 46)
128
----------------------------------------


(3, 25, 47)
265
----------------------------------------


(3, 26, 48)
277
----------------------------------------


(3, 27, 49)
208
----------------------------------------


(3, 28, 51)
173
----------------------------------------


(3, 29, 52)
142
----------------------------------------


(3, 30, 53)
317
----------------------------------------


(3, 31, 46)
145
----------------------------------------


(3, 32, 47)
252
----------------------------------------


(3, 33, 48)
354
----------------------------------------


(3, 34, 49)
303
----------------------------------------


(3, 35, 51)
118
----------------------------------------


(3, 36, 52)
191
----------------------------------------


(3, 37, 53)
468
----------------------------------------


(3, 38, 46)
105
----------------------------------------


(3, 39, 47)
176
----------------------------------------


(3, 40, 48)
138
----------------------------------------


(3, 41, 49)
107
----------------------------------------


(3, 42, 51)
42
----------------------------------------


(3, 43, 52)
545
----------------------------------------


(3, 44, 53)
334
----------------------------------------


(3, 45, 46)
256
----------------------------------------


(4, 15, 47)
171
----------------------------------------


(4, 16, 48)
148
----------------------------------------


(4, 17, 49)
258
----------------------------------------


(4, 18, 51)
153
----------------------------------------


(4, 19, 52)
210
----------------------------------------


(4, 20, 53)
175
----------------------------------------


(4, 21, 46)
53
----------------------------------------


(4, 22, 47)
146
----------------------------------------


(4, 23, 48)
286
----------------------------------------


(4, 24, 49)
197
----------------------------------------


(4, 25, 51)
151
----------------------------------------


(4, 26, 52)
216
----------------------------------------


(4, 27, 53)
396
----------------------------------------


(4, 28, 46)
41
----------------------------------------


(4, 29, 47)
187
----------------------------------------


(4, 30, 48)
375
----------------------------------------


(4, 31, 49)
256
----------------------------------------


(4, 32, 51)
155
----------------------------------------


(4, 33, 52)
226
----------------------------------------


(4, 34, 53)
425
----------------------------------------


(4, 35, 46)
65
----------------------------------------


(4, 36, 47)
251
----------------------------------------


(4, 37, 48)
470
----------------------------------------


(4, 38, 49)
267
----------------------------------------


(4, 39, 51)
181
----------------------------------------


(4, 40, 52)
171
----------------------------------------


(4, 41, 53)
386
----------------------------------------


(4, 42, 46)
123
----------------------------------------


(4, 43, 47)
640
----------------------------------------


(4, 44, 48)
310
----------------------------------------


(5, 15, 49)
197
----------------------------------------


(5, 16, 51)
153
----------------------------------------


(5, 17, 52)
198
----------------------------------------


(5, 18, 53)
305
----------------------------------------


(5, 19, 46)
145
----------------------------------------


(5, 20, 47)
198
----------------------------------------


(5, 21, 48)
70
----------------------------------------


(5, 22, 49)
184
----------------------------------------


(5, 23, 51)
128
----------------------------------------


(5, 24, 52)
208
----------------------------------------


(5, 25, 53)
341
----------------------------------------


(5, 26, 46)
111
----------------------------------------


(5, 27, 47)
383
----------------------------------------


(5, 28, 48)
193
----------------------------------------


(5, 29, 49)
116
----------------------------------------


(5, 30, 51)
114
----------------------------------------


(5, 31, 52)
